1
4 -2
4 22 38 9 37
4 -1
4 47 38 32 39
5 79 92 19 72 35
5 80 75 99 65 5
4 32 98 48 79
4 -2
2
4 89 55 90 52
4 74 39 89 45
4 82 92 39 56
4 43 70 27 74
4 37 62 100 51
4 89 89 55 40
4 59 6 6 37
5 62 29 89 24 79
3
4 -2
5 -1
5 -1
4 38 62 55 43
5 -2
5 4 48 54 24 2
5 7 42 21 22 83
5 92 27 3 40 86
4
5 26 91 79 34 98
5 7 69 42 87 56
5 68 23 48 25 41
5 88 84 59 28 6
5 34 61 78 6 39
5 89 47 4 66 42
5 64 70 37 6 74
4 67 26 55 66
5
5 49 9 16 82 70
5 49 95 69 82 70
4 88 10 32 47
4 23 60 58 24
5 70 48 58 80 54
4 76 25 2 71
5 97 82 6 53 92
5 32 96 61 17 65
6
5 94 69 16 82 70
4 31 39 76 69
4 83 5 17 36
5 49 79 80 82 70
4 -2
4 83 20 22 32
4 31 69 44 47
5 -1
7
4 98 65 73 93
5 76 3 18 77 71
4 61 62 31 34
4 -1
4 97 98 95 86
4 10 97 42 19
4 80 34 83 9
5 4 64 31 85 92
8
5 -1
5 31 67 72 42 99
5 49 87 60 82 71
4 -2
5 23 26 4 9 49
5 37 4 40 83 72
4 52 11 99 31
4 82 77 43 48
9
5 52 7 11 46 87
5 64 17 26 10 27
4 86 89 45 91
5 95 7 56 37 89
5 29 84 21 3 96
4 46 24 51 63
5 25 61 46 100 12
5 94 48 36 44 79
10
4 20 56 89 34
5 49 56 66 82 80
4 38 43 94 21
5 -2
4 34 59 31 56
4 40 73 33 43
4 -2
5 34 98 74 94 42
11
4 68 94 97 18
5 76 24 1 68 76
4 14 11 7 39
4 -1
5 49 56 68 82 80
4 55 24 54 5
4 55 51 36 54
4 56 5 28 50
12
4 77 52 96 24
5 10 41 9 93 89
4 68 36 21 21
5 40 56 14 83 96
4 29 55 59 53
4 35 99 75 27
5 -2
5 -2
13
5 62 25 36 95 1
5 5 2 18 43 72
5 49 56 66 82 80
4 -1
5 32 99 45 46 72
4 55 38 99 24
5 80 56 76 82 80
4 71 47 85 54
14
4 4 72 31 46
4 49 76 49 80
4 74 15 82 35
5 89 46 42 51 73
5 19 73 41 43 34
4 16 66 24 93
4 100 19 77 64
5 70 22 77 82 52
15
4 95 76 70 13
4 85 96 84 18
5 17 8 41 96 4
4 4 30 97 71
5 47 44 14 23 76
4 -2
5 89 97 7 35 52
5 2 92 97 90 26
16
4 19 7 2 37
5 49 56 66 90 80
4 -1
4 67 42 27 94
5 -1
4 59 77 14 60
5 11 15 69 79 42
4 76 7 25 6
17
4 47 1 19 7
4 77 43 14 18
5 49 58 66 82 80
5 49 56 90 82 81
4 59 18 56 40
4 -1
4 31 8 6 43
5 14 33 69 4 81
18
5 88 97 48 14 83
5 13 11 90 76 62
5 22 21 17 57 51
5 -2
4 26 78 45 65
4 52 57 64 32
4 97 92 4 87
5 -2
19
4 17 66 4 9
4 86 1 43 13
4 22 54 96 18
5 47 49 96 63 62
5 74 21 16 9 50
5 11 14 7 76 47
5 46 89 32 13 36
4 25 76 33 25
20
5 38 22 27 41 40
5 49 56 66 82 80
4 82 81 73 67
5 43 93 38 60 41
4 34 5 83 23
4 2 17 37 77
5 28 93 48 28 49
5 -1
21
5 100 86 79 38 41
5 -1
4 74 26 86 83
5 49 56 66 82 80
5 10 54 28 42 82
4 34 47 59 6
5 49 56 66 82 80
5 53 60 58 97 69
22
5 44 4 38 81 71
4 79 9 76 33
4 31 19 43 58
5 58 63 56 88 67
5 44 47 85 49 14
5 41 1 41 11 26
5 22 81 45 21 19
5 29 74 78 76 66
23
5 25 48 44 15 36
5 38 37 57 68 64
5 10 44 54 95 4
4 62 42 35 93
4 82 87 86 87
4 49 56 66 82
4 23 72 42 93
4 62 32 13 90
24
5 80 2 58 77 100
5 91 84 77 74 57
4 88 8 50 74
4 49 56 66 82 
5 22 11 93 72 99
5 49 56 66 82 80
5 97 41 43 1 62
4 89 94 97 60
25
4 20 23 49 14
5 80 9 70 67 83
4 49 56 82 80
4 94 82 20 61
4 11 31 29 90
4 19 44 80 49
4 85 74 81 10
5 74 90 87 64 35
26
4 -1
5 2 85 4 94 48
5 94 19 97 19 57
4 35 43 69 24
4 -1
4 1 79 65 95
5 49 56 66 82 80
5 17 66 93 88 98
27
4 65 36 61 26
4 -1
4 25 88 81 48
4 35 17 24 44
4 49 71 15 20
4 92 68 26 36
4 59 63 45 34
4 -2
28
4 -1
4 49 56 66 82
4 49 56 66 82
4 77 58 30 94
5 17 82 90 17 90
4 -1
5 31 48 5 22 96
4 53 71 84 6
29
4 46 16 38 12
4 79 84 28 97
5 94 67 13 13 53
5 79 36 31 100 51
5 53 75 92 59 44
4 79 36 100 51
4 79 36 31 100
4 59 31 100 51
30
4 74 47 22 2
4 10 1 53 9
4 68 37 73 40
5 29 33 78 38 30
5 74 87 7 14 15
4 28 2 27 39
4 94 37 70 29
4 -2
31
5 20 86 40 62 53
4 7 34 42 53
5 40 21 92 9 53
4 -1
4 80 22 60 78
4 8 11 16 80
5 85 34 59 35 87
4 35 65 76 46
32
4 10 94 55 43
4 1 75 91 62
4 62 40 70 80
5 49 40 52 94 55
4 -2
5 62 68 72 100 84
5 29 70 1 29 21
5 -1
33
5 77 98 81 25 20
5 86 82 82 19 75
5 19 36 55 87 14
4 -2
4 7 16 73 73
4 59 38 41 95
4 34 87 83 28
5 2 92 46 56 39
34
4 -2
4 50 54 65 44
4 70 68 7 27
5 68 91 35 60 59
4 89 19 15 16
5 52 78 83 80 10
4 49 12 74 1
5 8 98 22 47 89
35
5 32 32 53 18 67
5 77 68 1 44 45
5 50 53 77 53 51
4 1 26 48 57
4 37 72 9 28
4 82 87 45 94
4 -1
5 77 16 80 16 99
36
4 -2
4 -2
5 -2
5 52 64 1 18 32
4 1 27 90 68
5 97 49 84 36 6
5 92 6 44 5 19
4 28 86 72 91
37
4 8 31 27 53
4 52 79 81 23
4 35 27 51 61
5 -2
5 86 61 13 65 69
5 83 42 67 26 91
4 -2
5 37 7 98 68 97
38
4 68 72 53 74
5 98 87 74 73 40
5 89 8 93 70 86
4 -2
4 -1
5 -2
5 50 81 66 5 92
5 -2
39
4 14 31 72 7
5 -1
5 -1
5 70 29 23 22 77
4 28 78 22 13
4 73 80 54 2
4 61 95 4 7
5 53 98 51 89 40
40
4 22 44 42 28
5 17 77 22 96 83
4 -2
5 68 92 47 24 16
4 61 90 95 16
5 64 50 60 2 14
4 77 43 93 70
5 -1
